|bandpass_frequency|bandpass_weight|
|            double|         double|
|               GHz|               |
|              null|           null|
               164.             1.0 
       176.44444444             1.0 
       188.88888889             1.0 
       201.33333333             1.0 
       213.77777778             1.0 
       226.22222222             1.0 
       238.66666667             1.0 
       251.11111111             1.0 
       263.55555556             1.0 
               276.             1.0 
