|bandpass_frequency|bandpass_weight|
|            double|         double|
|               GHz|               |
|              null|           null|
               315.             1.0 
       322.77777778             1.0 
       330.55555556             1.0 
       338.33333333             1.0 
       346.11111111             1.0 
       353.88888889             1.0 
       361.66666667             1.0 
       369.44444444             1.0 
       377.22222222             1.0 
               385.             1.0 
