|bandpass_frequency|bandpass_weight|
|            double|         double|
|               GHz|               |
|              null|           null|
               753.             1.0 
       774.55555556             1.0 
       796.11111111             1.0 
       817.66666667             1.0 
       839.22222222             1.0 
       860.77777778             1.0 
       882.33333333             1.0 
       903.88888889             1.0 
       925.44444444             1.0 
               947.             1.0 
