|bandpass_frequency|bandpass_weight|
|            double|         double|
|               GHz|               |
|              null|           null|
               220.             1.0 
       233.33333333             1.0 
       246.66666667             1.0 
               260.             1.0 
       273.33333333             1.0 
       286.66666667             1.0 
               300.             1.0 
       313.33333333             1.0 
       326.66666667             1.0 
               340.             1.0 
