|bandpass_frequency|bandpass_weight|
|            double|         double|
|               GHz|               |
|              null|           null|
               380.             1.0 
       386.66666667             1.0 
       393.33333333             1.0 
               400.             1.0 
       406.66666667             1.0 
       413.33333333             1.0 
               420.             1.0 
       426.66666667             1.0 
       433.33333333             1.0 
               440.             1.0 
